0.0 11.511040623967052 0.0 0.2 64 2 -0.059168 1.05
0.000000000000000000e+00 0.000000000000000000e+00 0.000000000000000000e+00 0.000000000000000000e+00 0.000000000000000000e+00 0.000000000000000000e+00
0.000000000000000000e+00 0.000000000000000000e+00 0.000000000000000000e+00 0.000000000000000000e+00 0.000000000000000000e+00 0.000000000000000000e+00
1.593909207190339489e-02 8.975937472670607320e-03 4.776867771981962794e-07 -2.176768327910933585e-06 0.000000000000000000e+00 -2.293189563396683309e-09
1.593909207190339489e-02 8.975937622437903107e-03 4.776867771981962794e-07 -2.176845690749767304e-06 0.000000000000000000e+00 3.282608718074564435e-10
3.267494832641874153e-02 1.753191477727459799e-02 2.009231931382151689e-06 -4.845517926825606867e-06 0.000000000000000000e+00 9.846536577763065667e-10
3.267494832641874153e-02 1.753191508373214136e-02 2.009231931382151689e-06 -4.845453070756150376e-06 0.000000000000000000e+00 -2.650133204077503610e-10
5.024682172146237996e-02 2.556590531867212329e-02 4.751962833579411778e-06 -2.213472920499702943e-06 0.000000000000000000e+00 -1.655163102855478197e-09
5.024682172146237996e-02 2.556590578018716128e-02 4.751962833579411778e-06 -2.214150936604577619e-06 0.000000000000000000e+00 2.252023534515935585e-10
6.869532308521161812e-02 3.300114684703678997e-02 8.882202853774765294e-06 1.186005022329140530e-05 0.000000000000000000e+00 1.516142134654586123e-09
6.869532308521161812e-02 3.300114733217468510e-02 8.882202853774765294e-06 1.186056374836135420e-05 0.000000000000000000e+00 -3.132100401669485905e-10
8.806224421950900605e-02 3.978983074708731388e-02 1.459677909450585604e-05 4.350123647451719608e-05 0.000000000000000000e+00 -1.657492382395721110e-09
8.806224421950900605e-02 3.978983141557181080e-02 1.459677909450585604e-05 4.349998251226402983e-05 0.000000000000000000e+00 2.693973381184908533e-10
1.083902981201212007e-01 4.591248331160214385e-02 2.211463819297183609e-05 9.875517501977899620e-05 0.000000000000000000e+00 1.698613614194632207e-09
1.083902981201212007e-01 4.591248381051864225e-02 2.211463819297183609e-05 9.875630410435004710e-05 0.000000000000000000e+00 -2.944526031448267481e-10
1.297227519791940564e-01 5.137881705036458080e-02 3.167853380311303732e-05 1.835484891518558595e-04 0.000000000000000000e+00 -1.653413149534051179e-09
1.297227519791940564e-01 5.137881782403102421e-02 3.167853380311303732e-05 1.835466377749612684e-04 0.000000000000000000e+00 2.956469251282218970e-10
1.521029238171243692e-01 5.622307856252446029e-02 4.355672733428607554e-05 3.031955721917408472e-04 0.000000000000000000e+00 1.656273229838268639e-09
1.521029238171243692e-01 5.622307892673916729e-02 4.355672733428607554e-05 3.031973878264031036e-04 0.000000000000000000e+00 -2.500723949834650361e-10
1.755735085662879225e-01 6.050111086045481534e-02 5.804461427470513268e-05 4.628125365848091916e-04 0.000000000000000000e+00 -1.495078596197951933e-09
1.755735085662879225e-01 6.050111167996467115e-02 5.804461427470513268e-05 4.628101034299901811e-04 0.000000000000000000e+00 2.698523773633787625e-10
2.001756944842320862e-01 6.428105876986327238e-02 7.546615055327027526e-05 6.662488122912709572e-04 0.000000000000000000e+00 1.367901794082143885e-09
2.001756944842320862e-01 6.428105890174440340e-02 7.546615055327027526e-05 6.662512640521116389e-04 0.000000000000000000e+00 -1.751743793039940988e-10
2.259480263536088052e-01 6.763649474182052701e-02 9.617490556748152053e-05 9.170965220978358331e-04 0.000000000000000000e+00 -1.089999926874505560e-09
2.259480263536088052e-01 6.763649558813471241e-02 9.617490556748152053e-05 9.170936282804501363e-04 0.000000000000000000e+00 1.801945217818358308e-10
2.529249686802467201e-01 7.063298706107712377e-02 1.205545097319505080e-04 1.216849342093724107e-03 0.000000000000000000e+00 8.010315282995090477e-10
2.529249686802467201e-01 7.063298692956299085e-02 1.205545097319505080e-04 1.216852216874233453e-03 0.000000000000000000e+00 -5.700448355363361893e-11
2.811349725900376129e-01 7.331871449362233062e-02 1.490149236173086316e-04 1.566717975628591393e-03 0.000000000000000000e+00 -3.978933883946449489e-10
2.811349725900376129e-01 7.331871535316789035e-02 1.490149236173086316e-04 1.566714910125702968e-03 0.000000000000000000e+00 2.759793667769193888e-11
3.105983290184177181e-01 7.570987436266124471e-02 1.819939646058978740e-04 1.964794848893990434e-03 0.000000000000000000e+00 -3.775443436317801588e-11
3.105983290184177181e-01 7.570987401725241817e-02 1.819939646058978740e-04 1.964797737302468976e-03 0.000000000000000000e+00 1.090599829111349715e-10
3.413241814917009620e-01 7.778338844219843951e-02 2.199483435883151095e-04 2.409028490796365045e-03 0.000000000000000000e+00 5.385425908797128286e-10
3.413241814917009620e-01 7.778338925497099710e-02 2.199483435883151095e-04 2.409025739224902180e-03 0.000000000000000000e+00 -1.724883314094635439e-10
3.733073249475736821e-01 7.946828830579899527e-02 2.633501101598695391e-04 2.893191712788787014e-03 0.000000000000000000e+00 -1.049286857244919537e-09
3.733073249475736821e-01 7.946828789410755045e-02 2.633501101598695391e-04 2.893194022172627857e-03 0.000000000000000000e+00 3.064573538758185849e-10
4.065238831927593943e-01 8.064899020170812616e-02 3.126710627601899913e-04 3.411585222245997612e-03 0.000000000000000000e+00 1.554167939015133684e-09
4.065238831927593943e-01 8.064899081709211992e-02 3.126710627601899913e-04 3.411583416557733769e-03 0.000000000000000000e+00 -3.825229213057538335e-10
4.409268214533575425e-01 8.117278536329158856e-02 3.683706515505588111e-04 3.953603142690130523e-03 0.000000000000000000e+00 -1.999790953088324799e-09
4.409268214533575425e-01 8.117278513252609851e-02 3.683706515505588111e-04 3.953604209827306024e-03 0.000000000000000000e+00 4.874679119444776285e-10
4.764405097898598007e-01 8.087104636986548745e-02 4.308732233446390812e-04 4.510910481437676103e-03 0.000000000000000000e+00 2.342900238607854284e-09
4.764405097898598007e-01 8.087104655280859256e-02 4.308732233446390812e-04 4.510910221456687109e-03 0.000000000000000000e+00 -5.355769462951049633e-10
5.129546604846505486e-01 7.958668983860031632e-02 5.005387460757651031e-04 5.070161761359963902e-03 0.000000000000000000e+00 -2.528068848734809451e-09
5.129546604846505486e-01 7.958669007287862140e-02 5.005387460757651031e-04 5.070161103690170278e-03 0.000000000000000000e+00 5.712767839429601278e-10
5.503180622244995268e-01 7.720576661465353152e-02 5.776276324872939207e-04 5.623300875693992493e-03 0.000000000000000000e+00 2.511113338800946711e-09
5.503180622244995268e-01 7.720576615525100161e-02 5.776276324872939207e-04 5.623302414247911309e-03 0.000000000000000000e+00 -5.396330019909611289e-10
5.883326241082623698e-01 7.368845585908734286e-02 6.622592588076033895e-04 6.157312675565701325e-03 0.000000000000000000e+00 -2.256092870847965570e-09
5.883326241082623698e-01 7.368845670772258827e-02 6.622592588076033895e-04 6.157310343134847833e-03 0.000000000000000000e+00 4.624063223075369038e-10
6.267476530720914596e-01 6.907982962320249887e-02 7.543596636508761348e-04 6.667947050827132023e-03 0.000000000000000000e+00 1.756475742993702671e-09
6.267476530720914596e-01 6.907982855559609281e-02 7.543596636508761348e-04 6.667949950231394710e-03 0.000000000000000000e+00 -3.114357216713999281e-10
6.652556490642036469e-01 6.351446890582736204e-02 8.536043234686496468e-04 7.144600926330258242e-03 0.000000000000000000e+00 -1.035635869353957218e-09
6.652556490642036469e-01 6.351447015525597817e-02 8.536043234686496468e-04 7.144597764427225439e-03 0.000000000000000000e+00 1.077738011334124681e-10
7.034911947738958782e-01 5.717868647446429364e-02 9.593618273662335135e-04 7.587950759749599594e-03 0.000000000000000000e+00 1.642739276992851940e-10
7.034911947738958782e-01 5.717868525424509712e-02 9.593618273662335135e-04 7.587953794880717383e-03 0.000000000000000000e+00 1.443670848619510057e-10
7.410334385697316950e-01 5.029237312543698157e-02 1.070638867072196002e-03 7.988169478683491975e-03 0.000000000000000000e+00 7.481505206958251447e-10
7.410334385697316950e-01 5.029237416037685149e-02 1.070638867072196002e-03 7.988166967195059823e-03 0.000000000000000000e+00 -4.051818180282518299e-10
7.774138223522392144e-01 4.304605098375109684e-02 1.186037045676127189e-03 8.348513169096166003e-03 0.000000000000000000e+00 -1.555227523123061276e-09
7.774138223522392144e-01 4.304605030941582866e-02 1.186037045676127189e-03 8.348514809073517839e-03 0.000000000000000000e+00 6.354836629691550170e-10
8.121319847712552553e-01 3.561934359905302716e-02 1.303741547371969553e-03 8.656050007151821005e-03 0.000000000000000000e+00 2.104539234559050548e-09
8.121319847712552553e-01 3.561934383320207453e-02 1.303741547371969553e-03 8.656049449136452717e-03 0.000000000000000000e+00 -7.784213508044761616e-10
8.446778864428434730e-01 2.813595766083207619e-02 1.421538851436377317e-03 8.914926310280466351e-03 0.000000000000000000e+00 -2.268854038762644803e-09
8.446778864428434730e-01 2.813595784880160849e-02 1.421538851436377317e-03 8.914925771282625200e-03 0.000000000000000000e+00 7.883636792325411138e-10
8.745633042072578078e-01 2.075182054571527226e-02 1.536894628049902687e-03 9.108229394155840583e-03 0.000000000000000000e+00 1.992815687380401079e-09
8.745633042072578078e-01 2.075182006468110837e-02 1.536894628049902687e-03 9.108230820470387956e-03 0.000000000000000000e+00 -6.378961093077783301e-10
9.013589371763829350e-01 1.359352551324484806e-02 1.647088548989777143e-03 9.244158385296788114e-03 0.000000000000000000e+00 -1.324692784528462178e-09
9.013589371763829350e-01 1.359352609738048549e-02 1.647088548989777143e-03 9.244156471076956857e-03 0.000000000000000000e+00 3.421301268395663179e-10
9.247345546950510586e-01 6.874603474182808434e-03 1.749411530438714415e-03 9.304813848703663223e-03 0.000000000000000000e+00 4.265116649012223118e-10
9.247345546950510586e-01 6.874602967407142731e-03 1.749411530438714415e-03 9.304815755343892603e-03 0.000000000000000000e+00 3.679175303355568048e-11
9.444968712987255044e-01 7.456025121511044521e-04 1.841413181848489252e-03 9.307661112579560317e-03 0.000000000000000000e+00 4.597315232323632078e-10
9.444968712987255044e-01 7.456028361226504399e-04 1.841413181848489252e-03 9.307659667049572941e-03 0.000000000000000000e+00 -3.968920151452415343e-10
9.606174772388792471e-01 -4.565820074085035797e-03 1.921165395537436857e-03 9.235447529086775187e-03 0.000000000000000000e+00 -1.085104806275651375e-09
9.606174772388792471e-01 -4.565820207442392205e-03 1.921165395537436857e-03 9.235448236932137372e-03 0.000000000000000000e+00 6.287595561077516849e-10
9.732443625021498512e-01 -8.994399983542986782e-03 1.987500152604785263e-03 9.117261915896852920e-03 0.000000000000000000e+00 1.286459988736270558e-09
9.732443625021498512e-01 -8.994399978749376828e-03 1.987500152604785263e-03 9.117261965501740825e-03 0.000000000000000000e+00 -6.587645286630784593e-10
9.826907075199023955e-01 -1.240644446856841755e-02 2.040161476166427873e-03 8.933886478718408922e-03 0.000000000000000000e+00 -1.055842804284953781e-09
9.826907075199023955e-01 -1.240644442268924036e-02 2.040161476166427873e-03 8.933885892796852857e-03 0.000000000000000000e+00 4.861161256147553350e-10
9.894010417811294200e-01 -1.491383414064352715e-02 2.079832538151056044e-03 8.725341972587513303e-03 0.000000000000000000e+00 5.464984502021895634e-10
9.894010417811294200e-01 -1.491383418550475820e-02 2.079832538151056044e-03 8.725342743192849790e-03 0.000000000000000000e+00 -1.892579899989100771e-10
9.938983403797765348e-01 -1.649956734986087609e-02 2.108011136714950471e-03 8.464956869214506838e-03 0.000000000000000000e+00 -1.600127144076299665e-12
9.938983403797765348e-01 -1.649956732224646533e-02 2.108011136714950471e-03 8.464956239839544969e-03 0.000000000000000000e+00 -1.070661865876399319e-10
9.967220110225715191e-01 -1.743660289690237772e-02 2.126751164103518176e-03 8.202163025081291373e-03 0.000000000000000000e+00 -3.622309129102330703e-10
9.967220110225715191e-01 -1.743660291133182494e-02 2.126751164103518176e-03 8.202163338407411630e-03 0.000000000000000000e+00 2.908156725006339208e-10
9.983700897286011955e-01 -1.774016685433135385e-02 2.138330628138281758e-03 7.896820928371958009e-03 0.000000000000000000e+00 4.525913892696205336e-10
9.983700897286011955e-01 -1.774016684633798052e-02 2.138330628138281758e-03 7.896820920191791396e-03 0.000000000000000000e+00 -3.148774937194723098e-10
9.992567116258639359e-01 -1.775557920084019220e-02 2.144922084704665218e-03 7.607982403396710246e-03 0.000000000000000000e+00 -3.234816363526824046e-10
9.992567116258639359e-01 -1.775557920508889428e-02 2.144922084704665218e-03 7.607982241545862417e-03 0.000000000000000000e+00 2.117421137439750144e-10
9.996922529791127943e-01 -1.741251473979212039e-02 2.148346568912498904e-03 7.277822077459801357e-03 0.000000000000000000e+00 1.144771044167511804e-10
9.996922529791127943e-01 -1.741251473886807830e-02 2.148346568912498904e-03 7.277822256069299209e-03 0.000000000000000000e+00 -6.339000239272761069e-11
9.998856046052222446e-01 -1.706123112781451553e-02 2.149953645308208799e-03 6.978358498196531381e-03 0.000000000000000000e+00 4.516069917493242599e-11
9.998856046052222446e-01 -1.706123112635512043e-02 2.149953645308208799e-03 6.978358393034835190e-03 0.000000000000000000e+00 -5.092940854563121485e-11
9.999622990559109414e-01 -1.648713916358150039e-02 2.150627221361392331e-03 6.631839977453602916e-03 0.000000000000000000e+00 -1.016091674666772611e-10
9.999622990559109414e-01 -1.648713916574323993e-02 2.150627221361392331e-03 6.631839999946590423e-03 0.000000000000000000e+00 9.414663145100765937e-11
9.999891402000200546e-01 -1.605475502435651722e-02 2.150876208586886395e-03 6.328285440952264619e-03 0.000000000000000000e+00 7.766253772137996389e-11
9.999891402000200546e-01 -1.605475502283384981e-02 2.150876208586886395e-03 6.328285463124764566e-03 0.000000000000000000e+00 -7.687164689322414288e-11
9.999973145168544741e-01 -1.541588059175395820e-02 2.150956267438914205e-03 5.967957676861280862e-03 0.000000000000000000e+00 -2.812856934799305990e-11
9.999973145168544741e-01 -1.541588059226583866e-02 2.150956267438914205e-03 5.967957650239057339e-03 0.000000000000000000e+00 3.457773265077204369e-11
9.999994478413410937e-01 -1.499501304931195357e-02 2.150978318660612659e-03 5.663445081126552982e-03 0.000000000000000000e+00 -6.112485463606831621e-12
9.999994478413410937e-01 -1.499501304945369609e-02 2.150978318660612659e-03 5.663445093831193274e-03 0.000000000000000000e+00 8.824462330465475206e-13
9.999999169981123037e-01 -1.433493322173965204e-02 2.150983434962939339e-03 5.290278089333687837e-03 0.000000000000000000e+00 1.509753631756413118e-11
9.999999169981123037e-01 -1.433493322143698442e-02 2.150983434962939339e-03 5.290278088918290954e-03 0.000000000000000000e+00 -1.633020764442070756e-11
1.000000002334019422e+00 -1.394862800319670096e-02 2.150984416449294202e-03 4.987109280447136854e-03 0.000000000000000000e+00 -9.334243913508871415e-12
1.000000002334019422e+00 -1.394862800338419508e-02 2.150984416449294202e-03 4.987109276957070111e-03 0.000000000000000000e+00 1.527976002526405553e-11
1.000000014912475699e+00 -1.328126415640504959e-02 2.150984568979000516e-03 4.601865889106780509e-03 0.000000000000000000e+00 1.824969160267710106e-12
1.000000014912475699e+00 -1.328126415635692663e-02 2.150984568979000516e-03 4.601865891121268044e-03 0.000000000000000000e+00 -7.640163652054955464e-12
1.000000016381265233e+00 -1.293969552150762460e-02 2.150984587751823222e-03 4.301915846304147327e-03 0.000000000000000000e+00 1.571626216102576620e-12
1.000000016381265233e+00 -1.293969552149168596e-02 2.150984587751823222e-03 4.301915846413744554e-03 0.000000000000000000e+00 1.066642804565260881e-12
1.000000016513795664e+00 -1.227756545205682670e-02 2.150984589536687145e-03 3.905177884834732521e-03 0.000000000000000000e+00 -1.471930792319391760e-12
1.000000016513795664e+00 -1.227756545207624866e-02 2.150984589536687145e-03 3.905177884021503263e-03 0.000000000000000000e+00 1.823621295472158529e-12
1.000000016522783586e+00 -1.199072572276280862e-02 2.150984589664200596e-03 3.609680682364286696e-03 0.000000000000000000e+00 3.983310892485031553e-13
1.000000016522783586e+00 -1.199072572275886386e-02 2.150984589664200596e-03 3.609680682820657315e-03 0.000000000000000000e+00 -1.903423389705647133e-12
1.000000016523227897e+00 -1.134870654481448353e-02 2.150984589670886220e-03 3.201507940506200401e-03 0.000000000000000000e+00 2.027059891511854682e-13
1.000000016523227897e+00 -1.134870654481387985e-02 2.150984589670886220e-03 3.201507940523596642e-03 0.000000000000000000e+00 9.628926311846788374e-13
1.000000016523239443e+00 -1.112875210576715936e-02 2.150984589670914410e-03 2.910701500001217426e-03 0.000000000000000000e+00 -2.318311292727972393e-13
1.000000016523239443e+00 -1.112875210576789661e-02 2.150984589670914410e-03 2.910701499811741821e-03 0.000000000000000000e+00 -1.732966822264393879e-13
1.000000016523239443e+00 -1.052416113479553647e-02 2.150984589670751346e-03 2.490083816939884370e-03 0.000000000000000000e+00 6.948647138111010102e-14
1.000000016523239443e+00 -1.052416113479662935e-02 2.150984589670751346e-03 2.490083817065588505e-03 0.000000000000000000e+00 -1.494424912070174019e-13
1.000000016523239443e+00 -1.038683677143524726e-02 2.150984589670578307e-03 2.202706242723253410e-03 0.000000000000000000e+00 2.896212614348828241e-14
1.000000016523239443e+00 -1.038683677143164771e-02 2.150984589670578307e-03 2.202706242694108321e-03 0.000000000000000000e+00 1.585747551999381805e-13
1.000000016523239443e+00 -9.839796537382660552e-03 2.150984589670399631e-03 1.766767384039332270e-03 0.000000000000000000e+00 -3.830927764398781217e-14
1.000000016523239443e+00 -9.839796537382716063e-03 2.150984589670399631e-03 1.766767384019627763e-03 0.000000000000000000e+00 -7.361713983247583540e-14
1.000000016523239443e+00 -9.805949873406648656e-03 2.150984589670214015e-03 1.479322375931615410e-03 0.000000000000000000e+00 1.667825114771318905e-14
1.000000016523239443e+00 -9.805949873404084735e-03 2.150984589670214015e-03 1.479322375952817851e-03 0.000000000000000000e+00 1.284768438592148079e-14
1.000000016523239443e+00 -9.338556919410623616e-03 2.150984589670016257e-03 1.022340868497083766e-03 0.000000000000000000e+00 -2.857458741139906889e-16
1.000000016523239443e+00 -9.338556919410439736e-03 2.150984589670016257e-03 1.022340868487332669e-03 0.000000000000000000e+00 9.963676140492432345e-15
1.000000016523239443e+00 -9.483654197526822371e-03 2.150984589669808957e-03 7.296747188873952848e-04 0.000000000000000000e+00 -4.847131098615964975e-15
1.000000016523239443e+00 -9.483654197525970622e-03 2.150984589669808957e-03 7.296747188864149492e-04 0.000000000000000000e+00 -8.431371278406361484e-15
1.000000016523239443e+00 -8.984530235208398885e-03 2.150984589669595586e-03 2.512439296107382746e-04 0.000000000000000000e+00 2.572569277636765646e-15
1.000000016523239443e+00 -8.984530235208478682e-03 2.150984589669595586e-03 2.512439296111814422e-04 0.000000000000000000e+00 1.678202029487671094e-15
1.000000016523239443e+00 0.000000000000000000e+00 2.150984589669366169e-03 0.000000000000000000e+00 0.000000000000000000e+00 0.000000000000000000e+00
1.000000016523239443e+00 0.000000000000000000e+00 2.150984589669366169e-03 0.000000000000000000e+00 0.000000000000000000e+00 0.000000000000000000e+00
1.000000016519523083e+00 0.000000000000000000e+00 2.150984589635213801e-03 0.000000000000000000e+00 0.000000000000000000e+00 0.000000000000000000e+00
1.000000016519523083e+00 0.000000000000000000e+00 2.150984589635213801e-03 0.000000000000000000e+00 0.000000000000000000e+00 0.000000000000000000e+00
1.000000016519523083e+00 0.000000000000000000e+00 2.150984589635103646e-03 0.000000000000000000e+00 0.000000000000000000e+00 0.000000000000000000e+00
1.000000016519523083e+00 0.000000000000000000e+00 2.150984589635103646e-03 0.000000000000000000e+00 0.000000000000000000e+00 0.000000000000000000e+00
1.000000016519523083e+00 0.000000000000000000e+00 2.150984589634990889e-03 0.000000000000000000e+00 0.000000000000000000e+00 0.000000000000000000e+00
1.000000016519523083e+00 0.000000000000000000e+00 2.150984589634990889e-03 0.000000000000000000e+00 0.000000000000000000e+00 0.000000000000000000e+00
1.000000016519523083e+00 0.000000000000000000e+00 2.150984589634874662e-03 0.000000000000000000e+00 0.000000000000000000e+00 0.000000000000000000e+00
1.000000016519523083e+00 0.000000000000000000e+00 2.150984589634874662e-03 0.000000000000000000e+00 0.000000000000000000e+00 0.000000000000000000e+00
1.000000016519523083e+00 0.000000000000000000e+00 2.150984589634755400e-03 0.000000000000000000e+00 0.000000000000000000e+00 0.000000000000000000e+00
1.000000016519523083e+00 0.000000000000000000e+00 2.150984589634755400e-03 0.000000000000000000e+00 0.000000000000000000e+00 0.000000000000000000e+00
1.000000016519523083e+00 0.000000000000000000e+00 2.150984589634623127e-03 0.000000000000000000e+00 0.000000000000000000e+00 0.000000000000000000e+00
1.000000016519523083e+00 0.000000000000000000e+00 2.150984589634623127e-03 0.000000000000000000e+00 0.000000000000000000e+00 0.000000000000000000e+00
1.000000016519523083e+00 0.000000000000000000e+00 2.150984589634485217e-03 0.000000000000000000e+00 0.000000000000000000e+00 0.000000000000000000e+00
1.000000016519523083e+00 0.000000000000000000e+00 2.150984589634485217e-03 0.000000000000000000e+00 0.000000000000000000e+00 0.000000000000000000e+00
1.000000016519523083e+00 0.000000000000000000e+00 2.150984589634340801e-03 0.000000000000000000e+00 0.000000000000000000e+00 0.000000000000000000e+00
1.000000016519523083e+00 0.000000000000000000e+00 2.150984589634340801e-03 0.000000000000000000e+00 0.000000000000000000e+00 0.000000000000000000e+00
1.000000016519523083e+00 0.000000000000000000e+00 2.150984589634189880e-03 0.000000000000000000e+00 0.000000000000000000e+00 0.000000000000000000e+00
1.000000016519523083e+00 0.000000000000000000e+00 2.150984589634189880e-03 0.000000000000000000e+00 0.000000000000000000e+00 0.000000000000000000e+00
1.000000016519523083e+00 0.000000000000000000e+00 2.150984589634026816e-03 0.000000000000000000e+00 0.000000000000000000e+00 0.000000000000000000e+00
1.000000016519523083e+00 0.000000000000000000e+00 2.150984589634026816e-03 0.000000000000000000e+00 0.000000000000000000e+00 0.000000000000000000e+00
1.000000016519523083e+00 0.000000000000000000e+00 2.150984589633869824e-03 0.000000000000000000e+00 0.000000000000000000e+00 0.000000000000000000e+00
1.000000016519523083e+00 0.000000000000000000e+00 2.150984589633869824e-03 0.000000000000000000e+00 0.000000000000000000e+00 0.000000000000000000e+00
1.000000016519523083e+00 0.000000000000000000e+00 2.150984589633687678e-03 0.000000000000000000e+00 0.000000000000000000e+00 0.000000000000000000e+00
1.000000016519523083e+00 0.000000000000000000e+00 2.150984589633687678e-03 0.000000000000000000e+00 0.000000000000000000e+00 0.000000000000000000e+00
1.000000016519523083e+00 0.000000000000000000e+00 2.150984589633505532e-03 0.000000000000000000e+00 0.000000000000000000e+00 0.000000000000000000e+00
1.000000016519523083e+00 0.000000000000000000e+00 2.150984589633505532e-03 0.000000000000000000e+00 0.000000000000000000e+00 0.000000000000000000e+00
1.000000016519523083e+00 0.000000000000000000e+00 2.150984589633316880e-03 0.000000000000000000e+00 0.000000000000000000e+00 0.000000000000000000e+00
1.000000016519523083e+00 0.000000000000000000e+00 2.150984589633316880e-03 0.000000000000000000e+00 0.000000000000000000e+00 0.000000000000000000e+00
1.000000016519523083e+00 0.000000000000000000e+00 2.150984589633116086e-03 0.000000000000000000e+00 0.000000000000000000e+00 0.000000000000000000e+00
1.000000016519523083e+00 0.000000000000000000e+00 2.150984589633116086e-03 0.000000000000000000e+00 0.000000000000000000e+00 0.000000000000000000e+00
1.000000016519523083e+00 0.000000000000000000e+00 2.150984589632902282e-03 0.000000000000000000e+00 0.000000000000000000e+00 0.000000000000000000e+00
1.000000016519523083e+00 0.000000000000000000e+00 2.150984589632902282e-03 0.000000000000000000e+00 0.000000000000000000e+00 0.000000000000000000e+00
1.000000016519523083e+00 0.000000000000000000e+00 2.150984589632670262e-03 0.000000000000000000e+00 0.000000000000000000e+00 0.000000000000000000e+00
1.000000016519523083e+00 0.000000000000000000e+00 2.150984589632670262e-03 0.000000000000000000e+00 0.000000000000000000e+00 0.000000000000000000e+00
1.000000016519523083e+00 0.000000000000000000e+00 2.150984589632443881e-03 0.000000000000000000e+00 0.000000000000000000e+00 0.000000000000000000e+00
1.000000016519523083e+00 0.000000000000000000e+00 2.150984589632443881e-03 0.000000000000000000e+00 0.000000000000000000e+00 0.000000000000000000e+00
1.000000016519523083e+00 0.000000000000000000e+00 2.150984589632192780e-03 0.000000000000000000e+00 0.000000000000000000e+00 0.000000000000000000e+00
1.000000016519523083e+00 0.000000000000000000e+00 2.150984589632192780e-03 0.000000000000000000e+00 0.000000000000000000e+00 0.000000000000000000e+00
1.000000016519523083e+00 0.000000000000000000e+00 2.150984589631941678e-03 0.000000000000000000e+00 0.000000000000000000e+00 0.000000000000000000e+00
1.000000016519523083e+00 0.000000000000000000e+00 2.150984589631941678e-03 0.000000000000000000e+00 0.000000000000000000e+00 0.000000000000000000e+00
1.000000016519523083e+00 0.000000000000000000e+00 2.150984589631678000e-03 0.000000000000000000e+00 0.000000000000000000e+00 0.000000000000000000e+00
1.000000016519523083e+00 0.000000000000000000e+00 2.150984589631678000e-03 0.000000000000000000e+00 0.000000000000000000e+00 0.000000000000000000e+00
1.000000016519523083e+00 0.000000000000000000e+00 2.150984589631388735e-03 0.000000000000000000e+00 0.000000000000000000e+00 0.000000000000000000e+00
1.000000016519523083e+00 0.000000000000000000e+00 2.150984589631388735e-03 0.000000000000000000e+00 0.000000000000000000e+00 0.000000000000000000e+00
1.000000016519523083e+00 0.000000000000000000e+00 2.150984589631087327e-03 0.000000000000000000e+00 0.000000000000000000e+00 0.000000000000000000e+00
1.000000016519523083e+00 0.000000000000000000e+00 2.150984589631087327e-03 0.000000000000000000e+00 0.000000000000000000e+00 0.000000000000000000e+00
1.000000016519523083e+00 0.000000000000000000e+00 2.150984589630785919e-03 0.000000000000000000e+00 0.000000000000000000e+00 0.000000000000000000e+00
1.000000016519523083e+00 0.000000000000000000e+00 2.150984589630785919e-03 0.000000000000000000e+00 0.000000000000000000e+00 0.000000000000000000e+00
1.000000016519523083e+00 0.000000000000000000e+00 2.150984589630446780e-03 0.000000000000000000e+00 0.000000000000000000e+00 0.000000000000000000e+00
1.000000016519523083e+00 0.000000000000000000e+00 2.150984589630446780e-03 0.000000000000000000e+00 0.000000000000000000e+00 0.000000000000000000e+00
1.000000016519523083e+00 0.000000000000000000e+00 2.150984589630095065e-03 0.000000000000000000e+00 0.000000000000000000e+00 0.000000000000000000e+00
1.000000016519523083e+00 0.000000000000000000e+00 2.150984589630095065e-03 0.000000000000000000e+00 0.000000000000000000e+00 0.000000000000000000e+00
1.000000016519523083e+00 0.000000000000000000e+00 2.150984589629743350e-03 0.000000000000000000e+00 0.000000000000000000e+00 0.000000000000000000e+00
1.000000016519523083e+00 0.000000000000000000e+00 2.150984589629743350e-03 0.000000000000000000e+00 0.000000000000000000e+00 0.000000000000000000e+00
1.000000016519523083e+00 0.000000000000000000e+00 2.150984589629366481e-03 0.000000000000000000e+00 0.000000000000000000e+00 0.000000000000000000e+00
1.000000016519523083e+00 0.000000000000000000e+00 2.150984589629366481e-03 0.000000000000000000e+00 0.000000000000000000e+00 0.000000000000000000e+00
1.000000016519523083e+00 0.000000000000000000e+00 2.150984589628977470e-03 0.000000000000000000e+00 0.000000000000000000e+00 0.000000000000000000e+00
1.000000016519523083e+00 0.000000000000000000e+00 2.150984589628977470e-03 0.000000000000000000e+00 0.000000000000000000e+00 0.000000000000000000e+00
1.000000016519523083e+00 0.000000000000000000e+00 2.150984589628537717e-03 0.000000000000000000e+00 0.000000000000000000e+00 0.000000000000000000e+00
1.000000016519523083e+00 0.000000000000000000e+00 2.150984589628537717e-03 0.000000000000000000e+00 0.000000000000000000e+00 0.000000000000000000e+00
1.000000016519523083e+00 0.000000000000000000e+00 2.150984589628123118e-03 0.000000000000000000e+00 0.000000000000000000e+00 0.000000000000000000e+00
1.000000016519523083e+00 0.000000000000000000e+00 2.150984589628123118e-03 0.000000000000000000e+00 0.000000000000000000e+00 0.000000000000000000e+00
1.000000016519523083e+00 0.000000000000000000e+00 2.150984589627645636e-03 0.000000000000000000e+00 0.000000000000000000e+00 0.000000000000000000e+00
1.000000016519523083e+00 0.000000000000000000e+00 2.150984589627645636e-03 0.000000000000000000e+00 0.000000000000000000e+00 0.000000000000000000e+00
1.000000016519523083e+00 0.000000000000000000e+00 2.150984589627143433e-03 0.000000000000000000e+00 0.000000000000000000e+00 0.000000000000000000e+00
1.000000016519523083e+00 0.000000000000000000e+00 2.150984589627143433e-03 0.000000000000000000e+00 0.000000000000000000e+00 0.000000000000000000e+00
1.000000016519523083e+00 0.000000000000000000e+00 2.150984589626640797e-03 0.000000000000000000e+00 0.000000000000000000e+00 0.000000000000000000e+00
1.000000016519523083e+00 0.000000000000000000e+00 2.150984589626640797e-03 0.000000000000000000e+00 0.000000000000000000e+00 0.000000000000000000e+00
1.000000016519523083e+00 0.000000000000000000e+00 2.150984589626113441e-03 0.000000000000000000e+00 0.000000000000000000e+00 0.000000000000000000e+00
1.000000016519523083e+00 0.000000000000000000e+00 2.150984589626113441e-03 0.000000000000000000e+00 0.000000000000000000e+00 0.000000000000000000e+00
1.000000016519523083e+00 0.000000000000000000e+00 2.150984589625535778e-03 0.000000000000000000e+00 0.000000000000000000e+00 0.000000000000000000e+00
1.000000016519523083e+00 0.000000000000000000e+00 2.150984589625535778e-03 0.000000000000000000e+00 0.000000000000000000e+00 0.000000000000000000e+00
