232.5581395348837 248.158 0.0 0.2 100 2 1.05
1.000000016519523083e+00 2.150984589625535778e-03 0.000000000000000000e+00
1.000000016519523083e+00 2.150984589625535778e-03 0.000000000000000000e+00
1.000000016519528856e+00 2.150256238745405953e-03 0.000000000000000000e+00
1.000000016519528856e+00 2.150256238745405953e-03 0.000000000000000000e+00
1.000000016519534407e+00 2.149528627270193195e-03 0.000000000000000000e+00
1.000000016519534407e+00 2.149528627270193195e-03 0.000000000000000000e+00
1.000000016519536850e+00 2.148801753913102183e-03 0.000000000000000000e+00
1.000000016519536850e+00 2.148801753913102183e-03 0.000000000000000000e+00
1.000000016519542845e+00 2.148075617443079462e-03 0.000000000000000000e+00
1.000000016519542845e+00 2.148075617443079462e-03 0.000000000000000000e+00
1.000000016519549728e+00 2.147350216630344432e-03 0.000000000000000000e+00
1.000000016519549728e+00 2.147350216630344432e-03 0.000000000000000000e+00
1.000000016519550616e+00 2.146625550220631739e-03 0.000000000000000000e+00
1.000000016519550616e+00 2.146625550220631739e-03 0.000000000000000000e+00
1.000000016519558610e+00 2.145901616921071491e-03 0.000000000000000000e+00
1.000000016519558610e+00 2.145901616921071491e-03 0.000000000000000000e+00
1.000000016519562607e+00 2.145178415595844386e-03 0.000000000000000000e+00
1.000000016519562607e+00 2.145178415595844386e-03 0.000000000000000000e+00
1.000000016519566826e+00 2.144455945024451027e-03 0.000000000000000000e+00
1.000000016519566826e+00 2.144455945024451027e-03 0.000000000000000000e+00
1.000000016519572155e+00 2.143734203820306123e-03 0.000000000000000000e+00
1.000000016519572155e+00 2.143734203820306123e-03 0.000000000000000000e+00
1.000000016519578150e+00 2.143013190902323933e-03 0.000000000000000000e+00
1.000000016519578150e+00 2.143013190902323933e-03 0.000000000000000000e+00
1.000000016519581925e+00 2.142292905021622382e-03 0.000000000000000000e+00
1.000000016519581925e+00 2.142292905021622382e-03 0.000000000000000000e+00
1.000000016519588586e+00 2.141573344917649478e-03 0.000000000000000000e+00
1.000000016519588586e+00 2.141573344917649478e-03 0.000000000000000000e+00
1.000000016519594359e+00 2.140854509344200258e-03 0.000000000000000000e+00
1.000000016519594359e+00 2.140854509344200258e-03 0.000000000000000000e+00
1.000000016519595913e+00 2.140136397183993108e-03 0.000000000000000000e+00
1.000000016519595913e+00 2.140136397183993108e-03 0.000000000000000000e+00
1.000000016519603019e+00 2.139419007180442481e-03 0.000000000000000000e+00
1.000000016519603019e+00 2.139419007180442481e-03 0.000000000000000000e+00
1.000000016519609014e+00 2.138702338109815023e-03 0.000000000000000000e+00
1.000000016519609014e+00 2.138702338109815023e-03 0.000000000000000000e+00
1.000000016519611235e+00 2.137986388725584413e-03 0.000000000000000000e+00
1.000000016519611235e+00 2.137986388725584413e-03 0.000000000000000000e+00
1.000000016519617674e+00 2.137271157975609640e-03 0.000000000000000000e+00
1.000000016519617674e+00 2.137271157975609640e-03 0.000000000000000000e+00
1.000000016519624557e+00 2.136556644499871833e-03 0.000000000000000000e+00
1.000000016519624557e+00 2.136556644499871833e-03 0.000000000000000000e+00
1.000000016519628998e+00 2.135842847107481159e-03 0.000000000000000000e+00
1.000000016519628998e+00 2.135842847107481159e-03 0.000000000000000000e+00
1.000000016519631219e+00 2.135129764698287698e-03 0.000000000000000000e+00
1.000000016519631219e+00 2.135129764698287698e-03 0.000000000000000000e+00
1.000000016519638768e+00 2.134417395985454061e-03 0.000000000000000000e+00
1.000000016519638768e+00 2.134417395985454061e-03 0.000000000000000000e+00
1.000000016519642321e+00 2.133705739880347157e-03 0.000000000000000000e+00
1.000000016519642321e+00 2.133705739880347157e-03 0.000000000000000000e+00
1.000000016519648760e+00 2.132994795134477827e-03 0.000000000000000000e+00
1.000000016519648760e+00 2.132994795134477827e-03 0.000000000000000000e+00
1.000000016519650980e+00 2.132284560522251793e-03 0.000000000000000000e+00
1.000000016519650980e+00 2.132284560522251793e-03 0.000000000000000000e+00
1.000000016519654755e+00 2.131575034958257779e-03 0.000000000000000000e+00
1.000000016519654755e+00 2.131575034958257779e-03 0.000000000000000000e+00
1.000000016519658752e+00 2.130866217219796327e-03 0.000000000000000000e+00
1.000000016519658752e+00 2.130866217219796327e-03 0.000000000000000000e+00
1.000000016519666302e+00 2.130158106123040528e-03 0.000000000000000000e+00
1.000000016519666302e+00 2.130158106123040528e-03 0.000000000000000000e+00
1.000000016519667412e+00 2.129450700437964319e-03 0.000000000000000000e+00
1.000000016519667412e+00 2.129450700437964319e-03 0.000000000000000000e+00
1.000000016519674073e+00 2.128743999114631087e-03 0.000000000000000000e+00
1.000000016519674073e+00 2.128743999114631087e-03 0.000000000000000000e+00
1.000000016519681623e+00 2.128038000928630935e-03 0.000000000000000000e+00
1.000000016519681623e+00 2.128038000928630935e-03 0.000000000000000000e+00
1.000000016519683177e+00 2.127332704706314578e-03 0.000000000000000000e+00
1.000000016519683177e+00 2.127332704706314578e-03 0.000000000000000000e+00
1.000000016519689616e+00 2.126628109242892275e-03 0.000000000000000000e+00
1.000000016519689616e+00 2.126628109242892275e-03 0.000000000000000000e+00
1.000000016519694057e+00 2.125924213422181793e-03 0.000000000000000000e+00
1.000000016519694057e+00 2.125924213422181793e-03 0.000000000000000000e+00
1.000000016519700274e+00 2.125221016141251584e-03 0.000000000000000000e+00
1.000000016519700274e+00 2.125221016141251584e-03 0.000000000000000000e+00
1.000000016519703605e+00 2.124518516188667050e-03 0.000000000000000000e+00
1.000000016519703605e+00 2.124518516188667050e-03 0.000000000000000000e+00
1.000000016519705603e+00 2.123816712421293992e-03 0.000000000000000000e+00
1.000000016519705603e+00 2.123816712421293992e-03 0.000000000000000000e+00
1.000000016519712043e+00 2.123115603643429584e-03 0.000000000000000000e+00
1.000000016519712043e+00 2.123115603643429584e-03 0.000000000000000000e+00
1.000000016519716040e+00 2.122415188749288226e-03 0.000000000000000000e+00
1.000000016519716040e+00 2.122415188749288226e-03 0.000000000000000000e+00
1.000000016519720702e+00 2.121715466637263698e-03 0.000000000000000000e+00
1.000000016519720702e+00 2.121715466637263698e-03 0.000000000000000000e+00
1.000000016519727364e+00 2.121016436142438878e-03 0.000000000000000000e+00
1.000000016519727364e+00 2.121016436142438878e-03 0.000000000000000000e+00
1.000000016519731805e+00 2.120318096060212678e-03 0.000000000000000000e+00
1.000000016519731805e+00 2.120318096060212678e-03 0.000000000000000000e+00
1.000000016519734913e+00 2.119620445350221122e-03 0.000000000000000000e+00
1.000000016519734913e+00 2.119620445350221122e-03 0.000000000000000000e+00
1.000000016519739132e+00 2.118923482778172027e-03 0.000000000000000000e+00
1.000000016519739132e+00 2.118923482778172027e-03 0.000000000000000000e+00
1.000000016519743573e+00 2.118227207278733978e-03 0.000000000000000000e+00
1.000000016519743573e+00 2.118227207278733978e-03 0.000000000000000000e+00
1.000000016519748458e+00 2.117531617762575657e-03 0.000000000000000000e+00
1.000000016519748458e+00 2.117531617762575657e-03 0.000000000000000000e+00
1.000000016519754231e+00 2.116836713052942191e-03 0.000000000000000000e+00
1.000000016519754231e+00 2.116836713052942191e-03 0.000000000000000000e+00
1.000000016519758006e+00 2.116142491986084360e-03 0.000000000000000000e+00
1.000000016519758006e+00 2.116142491986084360e-03 0.000000000000000000e+00
1.000000016519764001e+00 2.115448953533877966e-03 0.000000000000000000e+00
1.000000016519764001e+00 2.115448953533877966e-03 0.000000000000000000e+00
1.000000016519766000e+00 2.114756096470639390e-03 0.000000000000000000e+00
1.000000016519766000e+00 2.114756096470639390e-03 0.000000000000000000e+00
1.000000016519773993e+00 2.114063919756834289e-03 0.000000000000000000e+00
1.000000016519773993e+00 2.114063919756834289e-03 0.000000000000000000e+00
1.000000016519775770e+00 2.113372422296097911e-03 0.000000000000000000e+00
1.000000016519775770e+00 2.113372422296097911e-03 0.000000000000000000e+00
1.000000016519778434e+00 2.112681602910648857e-03 0.000000000000000000e+00
1.000000016519778434e+00 2.112681602910648857e-03 0.000000000000000000e+00
1.000000016519785984e+00 2.111991460581714389e-03 0.000000000000000000e+00
1.000000016519785984e+00 2.111991460581714389e-03 0.000000000000000000e+00
1.000000016519790869e+00 2.111301994134016750e-03 0.000000000000000000e+00
1.000000016519790869e+00 2.111301994134016750e-03 0.000000000000000000e+00
1.000000016519795087e+00 2.110613202446385943e-03 0.000000000000000000e+00
1.000000016519795087e+00 2.110613202446385943e-03 0.000000000000000000e+00
1.000000016519800194e+00 2.109925084442726157e-03 0.000000000000000000e+00
1.000000016519800194e+00 2.109925084442726157e-03 0.000000000000000000e+00
1.000000016519803303e+00 2.109237639049024986e-03 0.000000000000000000e+00
1.000000016519803303e+00 2.109237639049024986e-03 0.000000000000000000e+00
1.000000016519808632e+00 2.108550865194674419e-03 0.000000000000000000e+00
1.000000016519808632e+00 2.108550865194674419e-03 0.000000000000000000e+00
1.000000016519814405e+00 2.107864761715496759e-03 0.000000000000000000e+00
1.000000016519814405e+00 2.107864761715496759e-03 0.000000000000000000e+00
1.000000016519819512e+00 2.107179327596912961e-03 0.000000000000000000e+00
1.000000016519819512e+00 2.107179327596912961e-03 0.000000000000000000e+00
1.000000016519822843e+00 2.106494561671315349e-03 0.000000000000000000e+00
1.000000016519822843e+00 2.106494561671315349e-03 0.000000000000000000e+00
1.000000016519827062e+00 2.105810462929794818e-03 0.000000000000000000e+00
1.000000016519827062e+00 2.105810462929794818e-03 0.000000000000000000e+00
1.000000016519832169e+00 2.105127030218144867e-03 0.000000000000000000e+00
1.000000016519832169e+00 2.105127030218144867e-03 0.000000000000000000e+00
1.000000016519839496e+00 2.104444262480417195e-03 0.000000000000000000e+00
1.000000016519839496e+00 2.104444262480417195e-03 0.000000000000000000e+00
1.000000016519842161e+00 2.103762158649765540e-03 0.000000000000000000e+00
1.000000016519842161e+00 2.103762158649765540e-03 0.000000000000000000e+00
1.000000016519844381e+00 2.103080717663492229e-03 0.000000000000000000e+00
1.000000016519844381e+00 2.103080717663492229e-03 0.000000000000000000e+00
1.000000016519848600e+00 2.102399938472811203e-03 0.000000000000000000e+00
1.000000016519848600e+00 2.102399938472811203e-03 0.000000000000000000e+00
1.000000016519853485e+00 2.101719819932879995e-03 0.000000000000000000e+00
1.000000016519853485e+00 2.101719819932879995e-03 0.000000000000000000e+00
1.000000016519856816e+00 2.101040361056186884e-03 0.000000000000000000e+00
1.000000016519856816e+00 2.101040361056186884e-03 0.000000000000000000e+00
1.000000016519862589e+00 2.100361560684518587e-03 0.000000000000000000e+00
1.000000016519862589e+00 2.100361560684518587e-03 0.000000000000000000e+00
1.000000016519866142e+00 2.099683417816975654e-03 0.000000000000000000e+00
1.000000016519866142e+00 2.099683417816975654e-03 0.000000000000000000e+00
1.000000016519868584e+00 2.099005931414039353e-03 0.000000000000000000e+00
1.000000016519868584e+00 2.099005931414039353e-03 0.000000000000000000e+00
1.000000016519872137e+00 2.098329100340066890e-03 0.000000000000000000e+00
1.000000016519872137e+00 2.098329100340066890e-03 0.000000000000000000e+00
1.000000016519881463e+00 2.097652923596400511e-03 0.000000000000000000e+00
1.000000016519881463e+00 2.097652923596400511e-03 0.000000000000000000e+00
1.000000016519881019e+00 2.096977400100577538e-03 0.000000000000000000e+00
1.000000016519881019e+00 2.096977400100577538e-03 0.000000000000000000e+00
1.000000016519889234e+00 2.096302528821783646e-03 0.000000000000000000e+00
1.000000016519889234e+00 2.096302528821783646e-03 0.000000000000000000e+00
1.000000016519894785e+00 2.095628308715511041e-03 0.000000000000000000e+00
1.000000016519894785e+00 2.095628308715511041e-03 0.000000000000000000e+00
1.000000016519898116e+00 2.094954738717489957e-03 0.000000000000000000e+00
1.000000016519898116e+00 2.094954738717489957e-03 0.000000000000000000e+00
1.000000016519901891e+00 2.094281817837590105e-03 0.000000000000000000e+00
1.000000016519901891e+00 2.094281817837590105e-03 0.000000000000000000e+00
1.000000016519908108e+00 2.093609544945036760e-03 0.000000000000000000e+00
1.000000016519908108e+00 2.093609544945036760e-03 0.000000000000000000e+00
1.000000016519909218e+00 2.092937919052894561e-03 0.000000000000000000e+00
1.000000016519909218e+00 2.092937919052894561e-03 0.000000000000000000e+00
1.000000016519913659e+00 2.092266939107287772e-03 0.000000000000000000e+00
1.000000016519913659e+00 2.092266939107287772e-03 0.000000000000000000e+00
1.000000016519916990e+00 2.091596604128874784e-03 0.000000000000000000e+00
1.000000016519916990e+00 2.091596604128874784e-03 0.000000000000000000e+00
1.000000016519920987e+00 2.090926912991280997e-03 0.000000000000000000e+00
1.000000016519920987e+00 2.090926912991280997e-03 0.000000000000000000e+00
1.000000016519923207e+00 2.090257864720065830e-03 0.000000000000000000e+00
1.000000016519923207e+00 2.090257864720065830e-03 0.000000000000000000e+00
1.000000016519931645e+00 2.089589458267687022e-03 0.000000000000000000e+00
1.000000016519931645e+00 2.089589458267687022e-03 0.000000000000000000e+00
1.000000016519936308e+00 2.088921692622008452e-03 0.000000000000000000e+00
1.000000016519936308e+00 2.088921692622008452e-03 0.000000000000000000e+00
1.000000016519940083e+00 2.088254566801996288e-03 0.000000000000000000e+00
1.000000016519940083e+00 2.088254566801996288e-03 0.000000000000000000e+00
1.000000016519943857e+00 2.087588079694412992e-03 0.000000000000000000e+00
1.000000016519943857e+00 2.087588079694412992e-03 0.000000000000000000e+00
1.000000016519947854e+00 2.086922230331196126e-03 0.000000000000000000e+00
1.000000016519947854e+00 2.086922230331196126e-03 0.000000000000000000e+00
1.000000016519952073e+00 2.086257017690158581e-03 0.000000000000000000e+00
1.000000016519952073e+00 2.086257017690158581e-03 0.000000000000000000e+00
1.000000016519956514e+00 2.085592440771799096e-03 0.000000000000000000e+00
1.000000016519956514e+00 2.085592440771799096e-03 0.000000000000000000e+00
1.000000016519958290e+00 2.084928498540190248e-03 0.000000000000000000e+00
1.000000016519958290e+00 2.084928498540190248e-03 0.000000000000000000e+00
1.000000016519966728e+00 2.084265189998834450e-03 0.000000000000000000e+00
1.000000016519966728e+00 2.084265189998834450e-03 0.000000000000000000e+00
1.000000016519969170e+00 2.083602514141564763e-03 0.000000000000000000e+00
1.000000016519969170e+00 2.083602514141564763e-03 0.000000000000000000e+00
1.000000016519971169e+00 2.082940469958055683e-03 0.000000000000000000e+00
1.000000016519971169e+00 2.082940469958055683e-03 0.000000000000000000e+00
1.000000016519977164e+00 2.082279056449148121e-03 0.000000000000000000e+00
1.000000016519977164e+00 2.082279056449148121e-03 0.000000000000000000e+00
